[
  [
    "P16T15C06",
    {
      "subset": "testing",
      "duration": 7445,
      "actions": [
        [
          0,
          43,
          52
        ],
        [
          1,
          44,
          57
        ],
        [
          21,
          63,
          98
        ],
        [
          42,
          65,
          4090
        ],
        [
          5,
          104,
          140
        ],
        [
          43,
          154,
          401
        ],
        [
          10,
          397,
          403
        ],
        [
          1,
          407,
          430
        ],
        [
          9,
          427,
          438
        ],
        [
          43,
          438,
          944
        ],
        [
          1,
          944,
          952
        ],
        [
          5,
          966,
          1010
        ],
        [
          1,
          1019,
          1040
        ],
        [
          1,
          1136,
          1157
        ],
        [
          9,
          1161,
          1171
        ],
        [
          1,
          1185,
          1204
        ],
        [
          1,
          1214,
          1229
        ],
        [
          44,
          1220,
          1233
        ],
        [
          46,
          1294,
          1352
        ],
        [
          1,
          1374,
          1385
        ],
        [
          10,
          1383,
          1388
        ],
        [
          1,
          1402,
          1419
        ],
        [
          14,
          1498,
          1594
        ],
        [
          14,
          1622,
          1634
        ],
        [
          46,
          1775,
          1813
        ],
        [
          45,
          1822,
          1858
        ],
        [
          17,
          1882,
          1920
        ],
        [
          20,
          1923,
          1975
        ],
        [
          10,
          1970,
          1987
        ],
        [
          29,
          1988,
          2022
        ],
        [
          9,
          2031,
          2042
        ],
        [
          17,
          2062,
          2089
        ],
        [
          46,
          2101,
          2149
        ],
        [
          45,
          2166,
          2206
        ],
        [
          46,
          2310,
          2366
        ],
        [
          45,
          2388,
          2430
        ],
        [
          46,
          2539,
          2590
        ],
        [
          44,
          2748,
          2765
        ],
        [
          46,
          2811,
          2856
        ],
        [
          17,
          2900,
          2963
        ],
        [
          45,
          2985,
          3024
        ],
        [
          20,
          3064,
          3122
        ],
        [
          10,
          3118,
          3130
        ],
        [
          29,
          3132,
          3159
        ],
        [
          10,
          3162,
          3180
        ],
        [
          17,
          3192,
          3240
        ],
        [
          46,
          3244,
          3298
        ],
        [
          45,
          3337,
          3366
        ],
        [
          21,
          3398,
          3426
        ],
        [
          14,
          3520,
          3534
        ],
        [
          24,
          3574,
          3618
        ],
        [
          46,
          3625,
          3684
        ],
        [
          24,
          3688,
          3702
        ],
        [
          45,
          3716,
          3747
        ],
        [
          1,
          3869,
          3887
        ],
        [
          46,
          4114,
          4159
        ],
        [
          47,
          4162,
          4533
        ],
        [
          22,
          4162,
          6283
        ],
        [
          46,
          4543,
          4606
        ],
        [
          47,
          4619,
          5116
        ],
        [
          46,
          5135,
          5173
        ],
        [
          40,
          5190,
          5913
        ],
        [
          5,
          5369,
          5400
        ],
        [
          5,
          5472,
          5486
        ],
        [
          17,
          5515,
          5754
        ],
        [
          5,
          5771,
          5867
        ],
        [
          14,
          5918,
          5939
        ],
        [
          46,
          5966,
          5991
        ],
        [
          40,
          6129,
          6282
        ],
        [
          5,
          6170,
          6188
        ],
        [
          41,
          6399,
          6795
        ],
        [
          14,
          6815,
          6889
        ],
        [
          41,
          7128,
          7244
        ],
        [
          1,
          7262,
          7286
        ],
        [
          10,
          7272,
          7285
        ],
        [
          8,
          7287,
          7303
        ]
      ]
    }
  ],
  [
    "P02T03C07",
    {
      "subset": "testing",
      "duration": 767,
      "actions": [
        [
          0,
          76,
          79
        ],
        [
          1,
          79,
          114
        ],
        [
          8,
          177,
          184
        ],
        [
          0,
          422,
          428
        ],
        [
          1,
          554,
          599
        ],
        [
          8,
          597,
          602
        ]
      ]
    }
  ]
][
  [
    "P13T09C01",
    {
      "subset": "training",
      "duration": 15868,
      "actions": [
        [
          9,
          430,
          501
        ],
        [
          35,
          460,
          15860
        ],
        [
          37,
          1102,
          1458
        ],
        [
          37,
          1550,
          1728
        ],
        [
          25,
          1967,
          2003
        ],
        [
          18,
          2105,
          2147
        ],
        [
          38,
          3069,
          3178
        ],
        [
          18,
          3197,
          3321
        ],
        [
          38,
          3385,
          3450
        ],
        [
          38,
          3693,
          3747
        ],
        [
          38,
          3963,
          4049
        ],
        [
          38,
          4338,
          4423
        ],
        [
          38,
          4684,
          4724
        ],
        [
          38,
          5097,
          5172
        ],
        [
          38,
          5246,
          5294
        ],
        [
          38,
          5627,
          5668
        ],
        [
          38,
          5913,
          5942
        ],
        [
          10,
          6129,
          6157
        ],
        [
          13,
          6154,
          6265
        ],
        [
          9,
          6243,
          6274
        ],
        [
          38,
          6276,
          6383
        ],
        [
          38,
          6727,
          6823
        ],
        [
          38,
          7070,
          7132
        ],
        [
          38,
          7403,
          7427
        ],
        [
          10,
          7649,
          7667
        ],
        [
          13,
          7666,
          7914
        ],
        [
          9,
          7912,
          7937
        ],
        [
          37,
          7971,
          8196
        ],
        [
          36,
          8311,
          8503
        ],
        [
          38,
          8504,
          8553
        ],
        [
          38,
          8826,
          8917
        ],
        [
          38,
          9278,
          9357
        ],
        [
          36,
          9369,
          9586
        ],
        [
          38,
          9613,
          9720
        ],
        [
          38,
          10032,
          10063
        ],
        [
          10,
          10453,
          10467
        ],
        [
          13,
          10460,
          10579
        ],
        [
          9,
          10562,
          10587
        ],
        [
          38,
          11375,
          11446
        ],
        [
          38,
          11728,
          11798
        ],
        [
          38,
          12076,
          12189
        ],
        [
          38,
          12481,
          12585
        ],
        [
          38,
          12628,
          12663
        ],
        [
          10,
          12924,
          12940
        ],
        [
          13,
          12937,
          13030
        ],
        [
          13,
          13078,
          13167
        ],
        [
          13,
          13240,
          13333
        ],
        [
          9,
          13360,
          13394
        ],
        [
          37,
          13611,
          13876
        ],
        [
          10,
          14491,
          14508
        ],
        [
          13,
          14504,
          14575
        ],
        [
          28,
          14626,
          14662
        ],
        [
          9,
          15036,
          15074
        ],
        [
          25,
          15102,
          15127
        ],
        [
          10,
          15259,
          15291
        ],
        [
          19,
          15312,
          15404
        ],
        [
          9,
          15403,
          15422
        ],
        [
          38,
          15636,
          15672
        ],
        [
          38,
          15816,
          15861
        ]
      ]
    }
  ],
  [
    "P15T07C05",
    {
      "subset": "training",
      "duration": 30311,
      "actions": [
        [
          19,
          0,
          1602
        ],
        [
          9,
          2938,
          2976
        ],
        [
          32,
          3037,
          3091
        ],
        [
          28,
          3100,
          3152
        ],
        [
          1,
          3157,
          3197
        ],
        [
          10,
          3226,
          3265
        ],
        [
          20,
          3268,
          3368
        ],
        [
          9,
          3297,
          3325
        ],
        [
          10,
          3325,
          3345
        ],
        [
          29,
          3387,
          3427
        ],
        [
          9,
          3489,
          3543
        ],
        [
          1,
          3847,
          3915
        ],
        [
          25,
          3914,
          3939
        ],
        [
          32,
          3939,
          4001
        ],
        [
          27,
          8616,
          9526
        ],
        [
          28,
          9665,
          9690
        ],
        [
          1,
          9697,
          9782
        ],
        [
          8,
          9764,
          9787
        ],
        [
          0,
          11219,
          11259
        ],
        [
          1,
          11230,
          11391
        ],
        [
          25,
          11394,
          11429
        ],
        [
          10,
          11811,
          11841
        ],
        [
          19,
          11860,
          13920
        ],
        [
          9,
          13929,
          13975
        ],
        [
          28,
          15120,
          15149
        ],
        [
          1,
          15149,
          15242
        ],
        [
          1,
          15302,
          15380
        ],
        [
          1,
          15394,
          15449
        ],
        [
          10,
          15448,
          15470
        ],
        [
          7,
          15472,
          15558
        ],
        [
          9,
          15559,
          15592
        ],
        [
          1,
          15632,
          15840
        ],
        [
          1,
          15972,
          16196
        ],
        [
          1,
          16231,
          16348
        ],
        [
          1,
          16478,
          16640
        ],
        [
          25,
          16641,
          16683
        ],
        [
          10,
          16652,
          16668
        ],
        [
          19,
          16730,
          21705
        ],
        [
          9,
          21737,
          21777
        ],
        [
          7,
          21960,
          30311
        ]
      ]
    }
  ]
]